ID	X168L.3D.1_host_sorted	X168L.3D.2_host_sorted	X168L.3D.3_host_sorted	X168L.3D.4_host_sorted	X168L.3D.5_host_sorted	LH.1A_host_sorted	LH.2A_host_sorted	LH.3A_host_sorted	LH.3D.1_host_sorted	LH.3D.2_host_sorted	LH.3D.3_host_sorted	LH.3D.4_host_sorted	LH.4A_host_sorted	NC.1A_host_sorted	NC.2A_host_sorted	NC.3A_host_sorted	NC.4A_host_sorted
ADA	2.42839349033204	3.74205562272531	1.80137737222232	3.34212278955712	2.26560334421038	0.824458208365591	0.475476436710317	0.520851628942996	8.36067022261676	9.0901794942056	9.23264786516069	7.09989136252277	0.476572653160296	0.4496079964969	0.388280178771275	0.576265517473472	0.58953696164172
ADGRF5	5.78324896276187	3.07870265192693	5.18195937983779	2.08139447284233	4.08197916932898	0.131856111055022	0.0438366915977202	0.170663666792897	1.09047263403133	1.51016185454257	1.81426579519579	2.05261656687379	0.0762185591013313	0.0438395162704086	0.0706363488262194	0.0477225002767655	0.0643072124988036
ARID4A	34.3467034781802	34.8465170504622	40.264618862657	34.0287431084446	27.4373341575508	7.06787930879276	5.05610047931839	6.22612737768534	27.4385697210439	25.2112460980567	22.5798684032004	24.3669491934875	5.34957607253816	5.89645919034806	5.81102484896769	6.55416543353696	5.16833120678377
ARNT	62.1253696802912	59.8731900617949	56.2853983056935	51.6029793148793	53.1178797504937	15.4114923775986	10.4641904106351	11.7950027614957	51.0936649964088	55.7585319236311	58.3977963719604	69.9182244425188	9.97392737625307	9.49851456676947	8.89522792757227	8.34711977955157	9.24752763972713
CD74	23.4202071355679	17.1970514562775	14.1942953955763	8.48504713707055	12.2622904546847	0.536399912832255	0.528248613711776	0.704481651924574	20.1302888050655	30.0042308402044	37.789889465954	33.0454257902071	0.528930056809169	0.542020498823964	0.273050954895847	0.418730055059994	0.48595588835661
CD83	73.2071889607835	62.0248809832682	42.6887305911326	65.0883971229413	63.4772607353375	0.0761065250356783	0.650629671970643	0.83730103570468	65.6388889977594	95.7879274630556	89.1615827574407	84.6219333504327	0.762543201476209	0.590424226105966	0.862460501027211	0.627416839941585	0.273499004426983
CSF1	52.4087730874392	31.185997619398	27.508268719116	29.3616388219961	49.9838932210763	1.3292453220624	1.54012577875357	1.30452873221222	33.0439757741995	59.7926908407594	71.4271006533954	45.1393292457652	1.2918605932441	1.43268678541871	1.35434994390596	1.40979318591394	1.24857260851101
DYRK3	37.6501038408836	35.8347944787165	29.7498511553979	38.7128198053371	47.2162666363973	2.6341582045794	2.56519626280419	2.18588901712094	44.1408557557404	51.606056479532	67.2207359654792	59.8417377745012	2.66465124054714	2.76631908037029	2.45548713328635	2.75505520527292	1.79127128765317
FBN1	30.023774062287	40.2128326246197	24.7204292448107	26.4046388951317	28.9164140462759	0.212731872220499	0.54306335498103	0.131934984615466	32.2020047169812	41.9407975999326	51.6165932978178	73.9477074642252	0.181036607554326	0.189920697045568	0.054789483619935	0.523985262688145	0.366313578895706
FOS	60.3894906398248	70.4869778842734	63.2324112658065	60.425312833541	52.2518690335399	40.910752710081	41.0773476847436	45.6729188756162	153.93162583739	167.20538715764	212.97114646739	216.99575696923	44.8860358996013	43.998561197072	48.7286754733309	41.5305088314593	42.104823689569
GLI2	2.34257044642716	1.95507784704453	1.41295801704946	1.35378652973655	1.58347790803755	0.0194047869057465	0.00691209357171159	0.103603312339548	2.44160246243912	2.97327847169928	3.5524978411497	2.76688903943927	0.0224336192807507	0.0268820959602477	0.0299864306149309	0.0292631155870873	0.00747146830054243
HLA-DRA	10.2703307697005	7.77176543712285	8.3945415866391	4.90902640678142	5.47510973128851	0.217566780778616	0.193746258866738	0.096000164711858	9.2711435309336	10.4141954406773	12.2367174661239	10.9467716756142	0.0971805377681072	0.0328802715651997	0.0611287889250371	0.119308552523842	0.0799624845813392
ID2	287.531896479041	215.880329616488	191.985874616482	161.349890971084	260.674042606904	12.7801270868773	9.60882501817797	10.0747980086817	112.027364637912	151.615830599959	179.62336783023	256.151321298244	11.1555732925646	12.8329620142761	10.9482535548318	11.5119950874714	11.1460185518917
KMT2E	80.0057753211741	82.5385619304043	78.2996019459209	70.6737057473561	66.9506244460012	16.9174852813649	12.1106084160724	13.7673645268169	73.3869766823513	81.1457102192654	68.7957398222156	81.5394310471428	11.0154222592307	11.014054123672	10.867102859122	12.4706210700985	11.0189003316453
LOX	370.91841158043	689.500053058021	472.395672637023	498.894063770001	427.644380785746	4.5386575131085	6.41859307627571	2.79715520300714	320.006509910844	350.049052408609	261.038707170743	548.456238959454	3.99591516543714	4.5390323249439	4.03467067790515	9.70260649985674	6.7869770971748
MAFB	9.39537447538469	6.681738482783	7.41272477165071	5.48564473207066	8.87175640966885	0.626960034878533	0.244170491692915	0.689762522074345	6.85910282169925	9.34647493569122	13.3961405518747	12.9911114111111	0.657170370769446	0.412271052180015	0.289362673469546	0.151276520031882	0.19311985435572
MEF2C	4.84770761706386	3.02796696585977	4.1211152651444	2.57683106834286	3.53960979443276	0	0.0154508717692106	0	1.84489318573969	3.14188022121958	3.42174751348332	2.87696442345691	0.0313417139132728	0.0120181190621976	0.00670298353806719	0.0196238943445776	0.0167012638705956
MEIS2	7.31253883602941	8.11354450727619	6.22107044908959	4.21047996825203	6.26955919301735	0	0.0746760538637062	0.118713332516231	4.90722959267485	7.51143889493309	7.50612606433289	7.70749616907481	0.0403942776619653	0.193617059247428	0.30236624146442	0.0526915608884056	0.127805653306671
MIA3	24.0877010859198	27.5849867132841	20.6921501693815	23.6350464234758	23.2084490723279	7.13464128579748	5.80930687815132	7.95722018851305	23.0681830275436	24.6725727448195	23.3545543747566	26.9162073306656	5.69757876229734	5.99047595810446	6.21727644279436	6.40411968276963	6.15999874323201
NFATC1	3.32752194631053	2.0710899840938	1.82749004298344	2.20196345459535	2.18381831658162	0.301172896252238	0.125159380791728	0.26799667001571	2.67978170762719	3.25125932774215	5.15505803769507	4.2083260929885	0.155956534170274	0.121690572106046	0.0969595393354877	0.143823522372054	0.077307513802682
NFKBIZ	260.617067150779	212.365058001906	218.163038829605	183.343462799539	211.048205606585	41.2413328406433	28.3393034997225	29.2640484803994	165.168546741813	178.54272718525	172.698703657018	192.235342037216	32.0051250979782	30.3828116406565	33.5394620926348	31.6072484911953	28.6655872136183
PIK3R1	47.506039229671	46.4337323906398	44.3978685840926	26.578627695358	41.9983717598759	8.42998349775493	6.47480312605488	7.55382103728968	30.7587362989753	36.215465638347	33.7205795951007	41.3585016996845	5.42929705479507	5.69880348108713	5.31724871750536	6.71084818960434	5.79721340698608
RB1	16.851240768919	17.0621355518884	15.703851529618	14.5169434215432	15.0581336001766	3.69972838491284	4.47262743957022	3.93403801105157	14.293351134426	15.4552707450771	14.8990936657717	19.0936908660562	4.35617122265843	4.48508132068003	4.56674817763579	4.18191738933388	4.19026465036178
SFRP1	17.8626292148354	17.4297447008144	12.5380717301616	6.54321868396055	11.1914702568722	0	0.189550202378793	0.153573596826553	21.4223565319072	29.2354863732835	50.0907446892339	59.4349199250465	0.166269375224756	0.119543866126253	0.168908414468851	0.182185063556578	0.110751310414606
STAT5B	15.9300181750345	13.5521122622774	10.5015015240575	11.6308580429567	13.1186676237818	2.27364190017272	2.24613136251015	2.79422402721586	9.71597637277046	10.640068505312	9.81330515929766	11.7077308555305	2.08469425503039	2.17844893032903	1.81385766371394	1.91198349043954	2.0785962754628
TGFBR3	21.1507978476122	28.761860666564	20.3794621776055	18.0675532566379	15.7720848193107	1.41738358654304	1.91624892743585	1.79806190854618	19.0601516394831	20.7006308843777	27.3373479144994	30.1120216367125	1.5082738913205	1.80289459637467	1.52823096003566	2.09860234814365	1.86047167382002
TIMP1	256.503688231562	202.696494193426	175.351569446627	228.189426283321	197.647336059149	15.9666063818829	11.4334218307221	10.0133535965521	197.146113778762	230.711271324648	144.602657659272	168.846397637818	5.67718612400367	6.71933268330454	5.7655990579267	13.7022424349572	10.1615927757864
ZBTB16	29.9761172780611	31.4557506587313	21.5963059647667	20.010156554215	19.9403062588717	1.51422790519068	0.825165456301502	0.822715697285104	24.9523938664332	24.3664032156368	24.8700445447279	32.9440903661758	0.568284971750327	0.300567434831722	0.34924672164612	0.736176379269438	0.687449205359234
AQP1	213.004692023884	242.680242493856	189.271048339114	87.9796387463102	113.72305930462	0	0	0.0190053265237398	139.582516053928	179.027589571059	244.991694882732	311.941524665479	0	0.010848944880485	0	0	0.0226147399059045
BCL2	2.03931539042797	2.00070633766243	2.0443681561573	2.16087406771698	2.73608928560817	0.603335000880026	0.205429919168605	0.30145307992126	3.99384358434958	4.44924306136251	6.07473409775123	5.40431987327729	0.205149314812287	0.231079652733221	0.170014979872222	0.230138744518981	0.283546819653161
BIRC2	198.141909423553	171.022955938488	169.645494954137	189.479901809808	213.945143110588	19.0159640940173	26.3680254971454	22.2573024676351	164.800793102632	179.560460283695	170.361361482618	173.754863294272	27.4938387205539	32.3347743537432	30.0304489972574	32.180899177057	27.588972145896
CCL2	1360.94555240861	1253.24708349342	1067.20723374443	1073.36960112484	1366.33340070031	5.41693470135053	12.0864393387993	5.84269430462975	1192.63946579028	1884.41702465878	1964.05669102999	1692.34975775102	14.9168009894506	13.8411899316167	6.65017429920189	26.7759440456431	20.4803605544241
CHUK	4.86817643086999	11.2227425505285	5.29072226360646	11.2781323257864	5.6084751462262	2.34680907769146	1.23692898599705	1.12980776760841	29.2818335565439	34.5324388423703	39.9280225416153	36.2107049107106	1.64330958387965	1.68106309028998	1.80442969511394	1.70335841188864	1.50599520593932
COL1A1	90.1848429502068	61.2073298209197	66.3810482222531	24.2195464533592	53.6161754100196	0.252791770236048	0.17008658988684	0.236305912591901	21.6363743064729	51.8797612823097	94.1567575324126	114.586926949441	0.0595322536971098	0.0881987294385375	0.0694474493676059	0.152487627466627	0.0973329780497262
DDR2	34.3863543454073	35.6364944905216	30.5182937312102	21.1082044845218	34.1245630699141	2.47256299071169	1.26419251847531	2.75942635290238	17.0652733193251	20.4305725666901	22.6317581530166	29.6158847438963	1.73065500898444	1.79887745625069	1.79867218864551	1.26826999775696	1.52840733403831
EIF2AK3	30.3060113367392	35.5612881982966	27.0692586092803	29.2070674699711	27.7419272246157	7.97128540020998	7.23415496939331	7.86507269646912	34.1461886992813	38.9011414995588	30.6115025366997	37.3569664723251	6.10010973328244	6.26972241594352	6.54514766916998	8.51875152893219	7.5859673426414
ERN1	12.0024700530362	14.2709059108984	11.0720267457592	11.4758765741715	11.2505488458591	2.8292912959666	1.77481474148376	2.1631732307984	6.77409325430653	7.33182120986337	6.1282751941919	7.43877413564603	1.66439932907431	1.6741747066169	1.28455646482126	1.73687568965972	1.84774863580054
EZH2	32.6680518558781	30.2816648412463	29.7059230173698	21.5531518933146	24.2832623633598	1.73987216750939	0.56700732480849	0.646835818937967	32.4409457344082	39.7392879545784	47.0724353565685	48.5723205496144	0.481462506744419	0.615396437907003	0.469082499583713	0.6252435070385	0.498866806092441
FGF7	13.0654375719023	16.4525056748653	13.5936123784486	16.1075964474855	21.3187769328703	0	0	0.0615319920507056	9.71678821757525	11.7725803132323	12.264845666813	10.7387627919828	0.0183201648828613	0.0351247419669792	0	0.0764716698925775	0
FGFR1	32.4852152731976	39.5165058062218	31.4061872394753	22.8405430491438	22.8638735554219	10.054589162009	9.59645985540416	13.0494846386887	57.6417486287503	61.9695032991815	74.0472688305326	67.0060231024741	8.32786402999971	8.11314008192084	8.471112259787	7.50241175874586	10.0124541389189
FLNC	11.1935660161715	10.0062519435385	9.56419608217613	4.30633248845878	8.63483449551419	0.0790930076261892	0.036842101138826	0.372080886232904	22.8849603762942	48.5492264151786	115.301230265411	33.1651148444993	0.133640719922131	0.121370035644045	0.135385803173746	0.051380041426062	0.028110790892544
GADD45A	58.2067281330175	88.4236199618042	58.132216061136	73.9408960169524	71.1898595883215	8.17106903678579	8.1222608800317	7.45740580543408	118.56766162147	143.554003440961	155.574329431449	144.166718946218	10.1125625282314	7.52708576069999	6.69114749110849	5.85570911121327	7.7443074495187
GADD45B	164.152766838236	151.865690461872	134.306256559136	102.650687999045	130.587150677969	8.8805395909378	9.77155704464691	6.239166560999	115.429312308871	159.700500277372	222.107330286736	234.402692473857	9.11812019833476	6.65121813782123	6.32896230639875	7.22810414391282	5.47243160659541
GPX7	8.0045668669162	8.18042041673452	8.00051024699257	6.20688068416697	9.91594448614545	0.100891141839444	0.152736452064017	0.146908312287579	5.69916142588791	7.56551213882834	8.43434809852104	12.9071762045856	0.102059058486055	0.0559071402255639	0.0311816382125145	0.228221198179188	0.0874042671208274
HNRNPM	54.9286842345056	61.0802297723164	55.3900687164669	50.0420128117871	40.7409758659614	10.9198154740725	6.56823477209935	12.409310843459	69.8173896674282	75.1882417865364	77.5021154398644	83.3760018416926	7.98465245948736	7.55473314242649	6.79022236859248	6.85323016675433	6.08013250297959
IL6	23.4791515567673	10.3828618260912	12.0459403140581	16.3399427960081	19.8184245037798	0.579674804767083	0.103241702966786	0.0937854026421696	11.6853993061777	17.8088735128981	13.996343876107	9.83983924724858	0.0837693035483504	0.240912829445273	0.238874093583911	0.116556056655608	0.185994567108499
IRF1	106.184259966264	86.7884104749119	65.4722283993157	83.0126459220997	135.572785447141	20.4277038255051	21.1489197180059	17.2090341774871	128.195048788172	183.689924090423	195.241549927418	204.016395084584	22.3499948546751	21.8771690603143	18.074361285391	19.7125821771581	18.7806683228561
JAK2	15.5207194043375	20.2303429442243	15.6866488792953	16.9400261077951	12.9363873648773	4.42182061866195	4.46961913697189	4.2286564833377	22.134076666421	23.3703477324612	22.8858621379956	26.1915749495062	4.63586164147065	5.25899667031653	5.05726606817949	6.11194054010444	4.67567071760489
KLF2	216.048735871971	117.994535656534	163.60187430123	71.0688103064793	131.320636392875	7.01815061170467	1.55569595368104	4.36214365454144	32.7936374087298	31.4610467600875	31.3875583766008	40.8128013292842	3.57523377311743	2.01444131855303	2.29388219089696	1.12688937488643	2.00236012818748
MAP3K14	7.58364479420086	9.50418796037383	6.05070325356992	8.19872699091626	5.83591346819377	3.66847340214917	2.75346833067733	2.13667612976073	20.2117466775817	21.0847604003039	29.0038391444377	20.9466391627108	1.90090991716585	1.52461742305946	1.79786138447394	1.80191319885595	1.86649206371614
MAP3K8	37.2754974709215	26.7305886943342	30.6701258864285	24.3122811734334	30.3158541106534	3.16117927540521	2.65816854153611	1.13468390011975	23.255668839538	26.6607166967122	23.4997945500832	26.7707655596519	2.07692992091488	1.7229980340672	1.78316033166579	2.44871124031589	1.90222177924123
MMP2	105.05343216807	93.1620487178384	80.9229544566621	52.6929470534297	87.3696428211447	0	0.0229946099551981	0.156663346153468	104.348786611751	123.401077542917	216.954712224634	314.001090645649	0.05597280186087	0.0983721698018246	0.119707802352833	0	0.0621387346616379
NFKB1	35.8417213166453	35.659497735584	32.0063524153933	27.6553639520451	33.6039608069646	11.8470751672662	13.54249153986	13.4827333886744	36.2292642262168	49.8346546697652	41.3005600617634	44.282180862562	11.6565659487255	11.1577636861272	11.3789056837345	10.5156963429523	11.3835294966673
NFKBIA	1001.85846865295	801.746910772827	681.317619774848	614.044797307044	802.455738596017	75.5394272178723	99.2051278624331	73.3603234880471	411.072362040856	467.72449911942	387.199600830738	446.925213062287	90.2212485305976	89.3145072993583	88.8977552115451	82.2960382279822	73.2656626334032
NR4A1	92.1087296735635	54.5064470788591	52.8477229791722	49.3112605892349	54.3023954417453	4.41694045869505	0.43871949616423	1.27806214808675	66.7604957681209	87.8711188690777	101.6047450164	100.35315248402	0.846969501983825	0.77663397590747	0.656302564167205	0.525186728437307	0.62957288537699
PDGFRA	22.2041357541202	37.7760529565207	16.7828111706031	27.8805655449253	27.6286508365942	0	0.039935028805066	0.0502300074417556	23.0701683605053	23.5931226605845	13.7858653906399	28.561183307133	0.0348954200577698	0.0525674420397697	0.0426457535335298	0.0312128083275958	0.026564214975278
PDGFRB	44.1148041253859	54.0467186997409	29.9470543002594	17.1952122059756	22.0591108996569	0	0.0453702755370015	0.132475626655493	29.3280425018759	36.9457844235015	50.6447096710514	56.9436396838742	0.0525899940806737	0.0403317324694324	0.0337419196887497	0.0603680311009017	0.0665569376644966
PMAIP1	85.7501434900459	79.4301405764925	62.1603483301885	59.5228076558575	72.5862610122419	8.36730784312815	9.91218765805472	7.70910750724094	75.4058565206093	110.521754149431	100.370665064138	108.824109251099	9.75948399309901	9.37938939161794	8.94907188355575	10.6339645962509	8.17307408736663
PRKD1	11.7844318006192	11.295606521044	9.50613362133504	9.0263418939394	11.5906689962977	0	0.0814738740280061	0.19242956710797	7.22866155058442	8.21291135024734	7.44423465508211	10.3333637146951	0.141028482118347	0.118295616921722	0.160232712774509	0.156367673597614	0.117423076102233
RAP1A	40.7795039086441	38.1341582007527	34.1981596062531	33.9121875599016	25.4524846925151	4.41004330794518	3.80801375605378	3.46477581511668	31.4288101599072	36.1246805569942	42.1758954441809	38.1422825667386	3.76924006987365	4.10778512924583	3.35175835349489	3.98512672919782	3.36298239415632
RASA2	118.526003713905	116.586018774681	117.272145889202	85.0407449398646	84.883026573595	12.9937936121015	10.8034004578188	14.2475558922886	59.2962988404552	71.0642083219418	68.1023590687345	80.9959130343355	11.5097120943113	13.3654738772261	12.4981108303478	11.5465641032769	9.87959968557038
RCAN1	78.7429802108288	119.789259074729	79.4726308274211	94.8950732822041	107.367720088862	13.259226548726	13.694606499187	17.541160148524	81.4846337027732	110.982395165048	127.030146463877	126.831167758841	15.5241624201996	15.7852981088848	13.3689450825894	13.87386270088	11.2360973439271
RPS6KA5	4.78891602811685	4.56161748593975	4.62450617382494	3.03500089345585	3.62871014965265	0.247110339036298	0.414961253856276	0.536872987253155	3.20101514778322	3.20171010284266	3.85313420686415	4.73541024124668	0.50334274499858	0.358631598378759	0.392772676707471	0.489770235794957	0.389643246640478
SELENOK	59.8719704984788	63.277882999331	60.1307980603437	50.2743489961124	57.9605814608518	5.82852846459885	4.62685842506414	4.36472327822834	43.3826362905463	39.2796272880931	50.5639366093751	43.3533970018056	5.58315059965234	4.61397378031152	3.49981977902217	4.31947544171736	5.19365355681127
SESN1	9.62446808197325	10.9969486900377	9.13856682848903	8.45194174751104	6.87919962485015	1.365940352327	0.801036640962686	0.921711087125143	7.86724769232611	6.63617666497139	6.90912004803016	8.44148829850134	1.19398821307933	1.33844375411318	1.24588839268014	1.21583580626151	1.013379349228
SOCS3	122.211623687994	109.644452749192	93.8636462027808	70.7647330540504	94.3890730287346	2.6841239202517	1.61492511731789	2.91212032319024	119.878084387389	159.293327215833	259.510496324482	233.222467880991	2.43813460874131	2.17479882549527	2.1331574811545	1.57828440915322	1.93667855843427
SOD2	684.73515143415	455.746972302063	451.974854925126	573.476060424746	806.954575420907	45.1890925146651	26.4345687641776	18.8391210058844	283.287251621539	395.141470852188	231.083205222546	405.026911861209	25.2254394983844	24.669950495279	22.90332786525	32.8676726906153	27.0685243576597
TEK	8.46161643259742	7.37073389662129	9.05197561089844	4.291733729169	5.88694153961567	0	0.0153201892712381	0.0584512103916195	5.06103344129099	6.03890163045467	5.01025778054106	6.31638797409719	0.00994452085621559	0.0142997646838835	0	0.0103775555653951	0
TGFB3	172.925727854666	202.765944673562	148.832708942235	117.019003211081	214.717688235568	0.099684450819777	0.242639083999975	0.193534987832762	114.931237150577	154.545586920051	136.500763734417	166.686140337669	0.336127996005706	0.211747478155954	0.13350434773777	0.280611766504881	0.159923858387486
ZFP36L2	831.79519484887	990.272762812661	689.082779833773	632.464113893878	570.65866677188	28.3931492790922	34.7854190645769	25.8405868964263	666.905080713508	749.61482121259	817.485274472505	1118.41558532505	27.9879553166459	26.0490443487844	22.6666606925542	25.4941322293006	24.4444090037906
