clean_qc
1.555347742
1.472550604
1.627275807
1.374053285
1.119327823
0.940433568
1.577260023
1.738046075
1.119824037
1.411994373
1.757379876
1.710904949
2.685398211
1.641801739
1.042341748
1.798559996
1.082053795
1.494889219
1.205029317
0.868134619
1.992502334
1.412496568
0.902599394
2.443352345
2.075289681
1.018801431
1.40225437
1.404615332
0.962084319
2.504068218
1.620857556
1.874891095
2.744531555
0.954013743
1.029327364
0.95146255
1.808625191
1.144169595
2.059324504
0.961188124
1.186300382
0.938882315
1.075725363
1.077888072
0.957185143
0.950402409
0.985734225
1.167860675
1.438214555
1.20027795
1.329466515
0.995834942
1.154480881
1.455684659
1.245933661
1.148907718
0.799917457
0.940781038
1.009926399
1.089696668
0.978963389
0.855735075
0.946821151
0.818735085
1.087696921
1.068109766
1.194685786
1.041921368
0.960428474
1.19494895
1.153852986
0.988428151
1.826152044
1.523642749
1.010313288
1.205033999
0.905622345
1.148137727
1.050014227
1.97149583
0.981866008
1.015429073
0.954201983
0.899806464
0.944161015
1.451567196
1.399658962
0.981942514
1.44344189
0.811654491
0.797958836
1.427646036
1.075586666
0.983987975
1.223832182
1.395111737
1.337734278
1.090102601
0.981680784
1.012678192
1.364901691
1.059762364
1.511447651
0.913360757
1.432512244
0.937304644
0.947228584
1.160101349
1.040342386
1.048105277
0.987061724
1.160753942
1.226859266
0.922668667
1.229290556
2.105204378
0.811955487
1.574825453
1.080965584
1.024738497
1.134841258
1.517185275
0.995932054
1.156962854
1.015488863
0.895796616
1.07107666
1.031607532
0.939457331
1.186797139
1.2145221
1.26571172
1.309356312
0.968522612
0.988560043
0.905722408
0.925035803
1.432992812
1.039690976
1.154516224
0.901176482
1.012582435
2.198480687
1.387768729
1.452182325
0.787227604
0.972696984
1.06106528
1.400253012
0.829096026
1.495339209
1.363762604
1.076866472
0.959749814
1.219179242
0.89533911
1.067439289
1.119188743
1.262375549
1.234144257
1.076294409
1.03800353
0.916931167
0.873087635
1.931644688
1.750459348
0.878948272
1.218289382
1.264285395
3.470188766
1.361186728
1.06114851
2.13496512
2.097416652
1.284106461
1.185591581
1.360910906
1.643851854
1.032948639
1.116036074
1.452662656
1.244968141
1.299307775
1.189076936
1.218373264
1.177862987
1.093034146
1.709281607
1.730414827
1.723761066
1.335591766
1.514156339
1.446512349
1.489188454
1.722208911
1.57814325
0.99194955
1.301142435
1.096423842
1.525225251
0.878932868
1.472463072
1.784535061
2.05959373
1.509591404
1.734150125
1.887833237
1.257476773
1.778836107
1.06969947
1.318727987
1.577514134
0.916763001
2.415110502
1.321025096
0.861727947
1.332568651
1.274077996
1.457230315
1.411115039
0.92354325
1.534211525
1.410809009
1.28629685
1.776984806
1.260357054
2.203105907
0.973643227
1.196365475
1.12184228
1.292589729
1.080744658
1.112191812
2.397154832
1.572458808
1.170374168
1.260427014
1.468068568
1.166548153
1.470459007
1.565865332
1.782896448
2.024701579
1.194073986
0.993554619
0.997809812
1.155929157
1.324021069
1.290189428
1.476793285
1.152893957
1.452383048
1.321121656
1.343639552
2.239974808
0.792820619
2.918450706
0.999531368
1.529515681
3.760098397
1.85151238
1.754441902
2.013499115
1.276177547
1.33580942
1.281278975
1.298650839
3.726992351
1.968944285
3.186047883
2.226593964
1.269199764
1.108707046
0.808823871
2.028916851
1.195672071
1.468028317
1.833931899
1.557595106
1.568142676
0.976393291
1.050904613
2.379071646
1.792505283
1.56702417
1.076412912
1.430955715
1.089323978
2.653969345
1.44480121
1.508796653
2.171061902
1.657588925
1.897754774
1.470384451
1.996668225
4.1299379
2.169139337
1.264526386
1.312356943
1.113686276
2.053773013
1.348954281
1.59541676
1.101062401
1.250409008
4.168884581
1.588564306
1.250205631
1.163188253
1.40672628
1.430771644
2.437985244
1.244322222
2.250359834
1.412860543
1.58740198
1.182626294
1.130941311
2.441650779
1.609898931
1.603107778
1.273335882
1.415639009
1.14097036
1.729574013
1.082999529
1.448343484
1.453105874
1.27126117
1.668565645
0.992137192
1.067068032
2.089469324
2.147801877
1.330086156
1.477191364
1.45540369
1.910828562
1.128517397
1.208840994
2.264327235
1.470962324
1.051937841
1.3725732
1.081777963
1.841921953
1.063016301
1.155759548
0.790453824
1.78011353
2.119621054
0.920393731
1.312464403
0.971282367
1.633531003
2.043466277
1.256709517
1.10787111
1.009678866
1.152583413
1.749658837
1.005988102
1.225891179
1.310650225
1.174271746
1.459998641
4.024108134
1.331590945
1.477615493
3.144693075
1.284490786
1.313848824
1.91052625
0.84692231
1.42554437
1.687574081
1.832443541
1.275900645
1.026596647
1.81734785
1.245593472
1.612656815
0.990745184
1.026077408
2.022706633
1.341955392
1.139599575
1.109398576
2.008266441
1.440322487
1.592674225
1.44825939
1.176081419
2.674437314
1.459261046
1.521479618
0.847273716
0.794294363
1.241273377
1.226249387
1.174819168
1.202009209
1.050435633
1.228587768
1.234472007
2.034329899
1.621229681
1.017341402
1.038952597
1.354361807
1.893150884
2.088201655
1.12393162
1.249336159
1.751765078
1.459698012
1.15268106
1.450273199
1.012243668
1.092327863
1.027463193
1.079696377
0.947167352
1.918887773
1.927236165
1.303142713
1.233083318
1.152791654
1.593447827
0.802635405
2.369819925
1.382207732
1.370289359
1.425261655
1.75778992
1.540313519
1.495917358
2.208439055
0.845981449
1.000416409
1.002131313
0.898150018
1.082605332
0.919935859
1.382198621
1.292825733
1.087263061
1.144408414
1.335996618
1.352699773
0.91448553
1.062425511
0.813168061
1.048316435
1.328396989
1.57514634
1.219629809
1.063113025
1.050717269
1.004942542
0.944384297
1.203359309
1.543568554
1.358180199
1.185236127
1.261159538
3.9548816
0.975573199
1.711599862
1.282446777
1.433319182
1.32030737
1.651184387
1.202962437
2.347991226
1.928102667
1.333487661
1.445723203
1.385293407
2.189547628
2.205840102
1.263688623
1.535317404
2.05091758
2.196392144
2.115461043
1.123871589
1.190542731
1.577673514
1.347165551
2.542449884
1.907502586
1.34557947
1.698904966
1.363485465
1.396110589
1.179282342
1.80196379
1.016517963
1.551547245
1.185817819
1.071124005
1.349762999
0.929670241
1.649498376
1.076866464
0.860953716
1.00778646
1.437001045
2.03160591
1.064198426
1.231993159
1.142650845
1.206750985
0.991697838
1.132697113
1.129893963
0.746262111
1.330564822
1.747322034
1.023848205
1.75585687
1.376814547
1.167541338
0.994279172
1.018042776
1.962304933
1.55226741
1.154235998
2.639149506
1.655651218
1.376553119
0.692428841
4.14671815
1.290766338
2.122669692
1.198104632
0.922912488
1.249501549
1.820666725
1.150810094
2.293349053
0.97888216
1.337264565
1.464065843
1.158319708
1.509919902
1.009470448
2.261006831
1.944625898
2.179302996
1.449051005
1.629146232
1.776044328
1.77642222
1.307158061
1.424373252
0.943572895
1.174257098
1.166150258
2.031764453
1.366493812
1.153661159
1.346758425
1.492254342
1.553658343
1.317815375
0.883442487
1.435136405
1.164151449
2.204776027
1.068636423
0.867991468
1.284157767
1.08775322
1.053183585
1.322535779
1.585241067
1.104758816
2.250446483
1.346970984
2.716890674
1.195659621
1.793092022
1.649649159
1.086924415
1.256862885
1.797946473
1.353079696
2.318665077
1.483639922
1.481478095
1.268559874
1.168876645
1.917486241
1.274705671
1.718194316
1.913269309
1.413197056
1.236801265
1.135194245
1.81567096
1.934099418
1.904848374
1.671677546
2.168923875
1.931592747
1.835963501
1.725949834
1.047074013
1.628275693
1.324985149
1.224872053
1.656388993
23.89296415
3.611550243
1.572925303
2.677024914
3.606586683
3.763035786
1.736108713
2.887317844
2.532222514
1.610274356
2.305564379
1.584063289
2.414311612
3.966844879
2.256355297
1.252608734
1.019385109
3.037996957
1.29682464
2.345438085
4.650265022
3.144691141
1.504582113
0.957400623
2.325048162
1.352600071
1.846442773
1.386766631
1.604884043
3.187245744
1.467977749
1.442048928
1.81287652
1.549298779
2.120321992
2.370223762
2.881894319
1.910676948
2.260368667
2.855088876
2.485085255
1.671176241
1.275504008
1.669850349
2.007563414
1.898687702
2.484878072
3.373019498
1.980965251
1.527021354
2.03945231
1.98975873
1.517682221
1.570846345
1.649563446
2.049918201
2.613152635
2.116093636
2.756829428
1.534480992
2.799823271
1.403185296
1.429540714
1.951056993
1.72182973
1.867303436
2.559920875
2.611876657
1.670731377
2.157085622
1.85406338
1.120834334
1.458501558
2.090269218
1.888645056
1.742752941
2.553139643
1.620025121
1.683705198
2.304447102
1.810408269
1.36960892
1.464991268
1.596558247
2.122460696
1.231318699
0.903583739
1.875716762
1.336870116
1.420728413
1.639189969
2.048755123
1.324893493
1.864657605
1.269434555
1.363691485
1.253433817
1.437182996
1.136492406
1.401207437
1.069148609
1.483045266
1.621420257
1.604998477
1.199249061
1.377281712
1.435559025
1.211070226
1.516375767
1.7584286
1.413985174
1.530335254
1.223507823
1.562454961
1.314274784
1.248820215
1.185290227
1.49553335
1.670322244
1.25204622
1.517096989
1.460672261
1.361945867
1.614007632
1.696047258
1.133333656
1.160637139
1.350189761
1.60069371
1.088514385
