raw_qc
74.8383432
89.0214441
83.5155987
76.5553938
57.4195764
57.9875454
85.1594511
84.9020454
71.1702948
78.2007837
95.3749842
83.9805843
122.3144031
68.5716129
67.979259
85.7062059
63.2813001
75.9264732
70.9097418
60.8940891
118.7182497
75.0031785
59.9654064
129.9438513
100.8629478
62.4148554
96.53316
64.7347365
55.4674209
69.2286198
89.3994939
94.3954782
77.7187101
75.0749265
77.0266881
55.1223585
56.0210979
59.8420122
64.4891094
59.2877547
58.0031397
58.4518371
55.1462268
57.48114
61.3668204
57.5945181
57.6203358
71.1109149
57.6967536
88.1400876
64.2699438
56.0345085
66.578175
61.1067237
58.485804
56.8835472
54.2162169
54.6667506
57.6888732
80.5096248
77.852793
60.4502241
55.1731851
55.0480731
77.5676853
58.7796984
74.3515215
61.1461152
57.648444
54.9930258
60.259134
60.6226146
57.2683788
59.5890294
80.2641651
58.217778
62.0171133
57.8546757
58.6821582
68.2228629
58.6558023
57.2960931
60.7300233
72.0713994
58.4175003
63.7714272
60.132126
87.7650555
57.6753042
75.6645459
58.0213794
57.4188729
64.3527702
78.9334368
60.0669351
58.4229543
60.8627922
68.3026371
62.1790842
60.6777447
55.9194321
70.4182545
61.7823738
71.0549568
73.2725022
66.0212418
59.8382511
59.2409439
59.2135173
70.6129911
60.6070233
76.9496562
57.9975108
61.6709409
60.2550804
88.7733369
62.2664367
56.1573183
59.5918533
61.3735098
70.8463731
58.6206558
81.3207213
75.952602
66.8863053
62.4887727
61.5972414
57.21909
60.4350423
60.8719239
61.8598605
69.2219079
58.8214551
60.5034561
55.9395348
56.7693375
87.6951993
82.2779088
57.3938418
64.5529428
58.827051
116.5950444
56.9444733
66.8599203
97.0860327
83.4904311
73.0131558
74.7716502
66.3503877
80.6938257
59.4988641
66.2067096
81.5163381
59.4250728
57.4753179
56.0691726
76.0323402
69.4629729
66.596322
67.1609247
87.2497527
59.121381
61.8940848
71.253051
85.9545627
62.7258378
78.6904569
69.1568187
57.8015517
73.8074259
60.2687097
65.4608769
57.1037073
71.5937727
77.2866282
92.3795433
75.6620043
60.9158196
84.6345834
71.8458942
72.260901
61.891998
68.6009217
61.5643758
57.3936696
110.65122
68.3885949
55.6400925
77.0022057
61.9539408
76.3099701
71.8576563
59.0160495
54.1067742
77.7042273
85.1660583
69.5252163
77.7530046
78.7512759
108.0829344
61.9863516
68.6164752
56.8691046
59.1473178
59.2146111
58.7398515
57.3616911
68.8230564
64.5009774
69.1294185
58.7051844
59.273859
91.4255232
88.6481841
89.419381
88.670109
73.6258356
54.3531651
57.4327893
59.5235436
63.1796973
55.612216
62.5741842
63.5616504
74.6124036
67.7616381
80.7637206
61.871922
55.458399
149.7890736
58.1923839
88.3970247
60.2231757
103.6662465
63.1243149
108.3353595
49.157908
60.1115109
70.2378174
66.1549344
81.7427844
83.5091148
58.2776358
75.4379193
69.577131
53.921431
50.753818
83.1504603
46.167727
68.484867
97.1318187
75.5008773
79.1633289
61.6636818
59.9868435
79.453365
92.6031063
78.8595702
59.1257925
61.944465
62.1370074
110.0977992
54.7088685
57.7720533
111.6752757
87.9354885
98.2435917
72.44595
109.9541397
117.526752
105.0083313
74.0511894
57.9348582
61.3149846
84.6516588
61.4981241
61.9395693
59.7079191
66.4073409
94.132749
86.896512
61.520058
74.5159911
63.0559914
78.1855272
119.7790575
60.3864255
100.2299043
66.2752413
69.1794006
73.640633
54.619944
89.6699505
58.5998292
76.0496682
64.1130285
70.1547459
61.0610643
65.7948228
65.9231934
73.4111325
59.2707885
69.5273532
60.6011214
55.946478
56.215095
85.9120083
91.9457622
77.7204822
73.9723629
59.3645793
55.9451232
61.4414232
59.0492154
111.8087055
74.5239708
63.0641187
71.799246
58.3460637
103.6065612
56.2067064
60.4065336
55.9924881
86.8918254
62.7606951
55.1377683
62.0327748
59.9104056
64.9429968
101.9868051
55.9800984
60.5899509
60.6016467
65.5324839
87.9756798
55.6689213
57.3568308
57.3419544
66.1771785
72.2089014
55.0156206
58.7429442
78.7231323
76.2141012
62.0802879
61.8143427
70.9017588
58.5990609
62.3278788
110.4818175
75.7392933
60.0016635
56.7966846
54.4341768
57.1608285
56.9033757
59.6659005
64.3735695
70.4343042
78.9103005
66.9296598
69.407982
64.4400648
89.2058865
65.2627824
54.1165779
57.9818037
144.3802938
71.2556346
75.0656793
69.1994358
56.7290559
64.8121194
64.1502276
56.619339
59.8200918
55.230807
61.1010795
78.3074847
61.433109
60.02442
61.1767632
73.6561566
67.4690313
82.9202937
87.9570429
59.8395444
54.9931257
60.3676932
59.9432973
54.0204435
70.9505544
68.3623713
61.7107554
54.9857427
54.3526278
60.8003583
88.2406776
85.243707
78.8867334
69.6800334
63.4477407
65.783511
59.9122434
90.3964797
69.9056919
58.3107333
61.8719928
88.7642934
74.0163831
75.8509101
91.4435538
61.5569994
59.2225992
54.9899214
66.6724305
63.2224521
57.2041224
78.1370511
69.7369902
62.4755241
66.2783067
68.7986856
72.6418965
57.401685
69.0777819
54.4879182
59.0385177
59.6162403
87.7759404
72.8642454
64.7862171
58.590432
64.9374987
62.5017141
68.1842694
64.6690629
62.4245511
59.5912104
58.875981
86.1719937
69.5922069
73.5104073
75.4619658
59.1952305
54.3714945
70.6358454
61.6115214
107.0934117
85.8636942
80.8382241
73.0740045
62.3697849
75.2156136
84.3494772
64.2079839
61.2653052
64.4636394
85.0878141
96.6019815
55.2739062
64.8466347
84.9819654
69.8475765
108.7182795
93.4880742
75.1960149
78.1948056
76.6223175
75.1417404
69.1026315
98.4242469
57.6774036
68.6220936
70.7536641
58.4352738
65.1762171
62.8303713
76.5959208
57.1758102
61.01664
79.2254997
89.7878256
119.3933352
60.0038946
64.251822
65.5148571
59.6943717
54.9760086
61.7428353
63.5729274
106.2061065
63.8585595
72.1100943
62.4315957
107.1086718
69.7199343
69.254466
58.4193009
57.9915612
84.8653941
73.1206035
57.8194575
86.7422346
68.5146147
60.210375
62.6983209
61.4239095
57.9715776
85.2883203
60.3815919
56.0160612
58.7338623
68.3169195
57.0266433
59.3878761
62.3388171
68.6663499
67.7778675
59.8102758
69.4580316
60.5651724
60.2492208
64.9715295
89.3731155
93.9731799
82.4515404
95.0524767
84.0403713
95.3880147
68.2439862
68.3977767
55.8294429
71.2139151
67.4208831
109.7567307
62.7498669
71.5761333
65.2627614
61.688421
64.8869979
69.9112953
56.3232072
71.6565504
63.6813702
102.3340821
69.2992857
59.2931928
74.3286075
61.5374853
57.5670648
82.0780845
62.8375038
59.3686671
117.1977054
68.4038511
91.1566239
63.6913668
72.25
84.6605349
54.1939464
54.914382
67.7502084
61.2503292
71.343786
70.098696
77.561841
54.3101796
61.4702478
65.5454121
55.4055318
95.0733774
94.7774247
80.7145227
76.2513435
72.0311187
58.5275913
78.5366544
75.5384235
82.082982
85.1208456
90.7263726
71.978448
60.3078729
67.429974
86.9584764
62.830395
69.0172446
89.6187831
54.9117414
56.2270806
59.4432615
54.4793961
69.5543904
85.049532
83.71374
111.7674381
100.7469714
64.9736253
103.928655
83.6353665
74.6417847
48.3678981
74.7536238
85.8552414
59.4506583
59.264232
80.9010408
68.380857
65.0571066
81.0052857
61.8870618
55.0484223
76.653426
67.954014
77.2381611
64.9571433
82.0081065
59.4608901
128.3085519
73.9331679
54.4717791
69.4889619
59.723643
93.5552592
56.9232369
123.8657694
61.7225025
114.5461644
84.9902367
109.0513935
82.4301822
69.0992364
73.3324056
72.4406805
77.9717487
94.1123865
56.7883527
55.4267547
60.5485236
66.4638465
76.5478845
60.7934253
70.5881472
55.0059699
70.470669
94.4645016
62.7584646
74.371677
63.0392805
61.9105293
56.4571992
63.8266614
84.8433144
89.850996
65.3294745
78.2696178
99.6968904
82.4465376
103.0417497
72.8258583
66.3515055
58.533804
82.7993412
93.032427
81.3390864
122.6846469
71.2377846
57.8450325
67.6934781
75.2794098
113.1552231
70.3966122
74.5582506
59.1176274
62.422659
60.0018846
57.7220595
62.5579368
55.9721133
60.3440124
59.3749404
79.9743678
71.5379232
90.7880943
61.8376068
55.4736393
63.8057439
66.0894483
74.3880477
62.2366479
60.4553514
56.7823485
75.1088304
63.6948138
66.9701301
73.3074291
58.6522134
57.1886493
61.7008398
66.0199326
58.952094
62.4102354
60.4621407
64.0211307
60.300969
68.7521154
64.3903212
63.7544739
63.2917116
59.7859839
55.9072668
58.8325311
72.1432323
69.3151251
60.5697855
69.3298074
69.1679766
69.2307795
69.1929498
69.1153119
69.118545
69.2130405
69.1162848
69.2321661
69.1261062
59.1720939
69.1138242
69.2194803
69.2539323
69.1666185
69.2995407
69.16746
69.0363579
69.2773002
69.2073642
69.1812183
69.1967535
68.9794962
65.8914969
69.2613918
69.154155
68.9126046
69.3824133
69.2175633
69.1558236
69.1893864
69.1626969
63.2560374
